10
src/recursos/tiles/bloco_chao.png
02
03
04
05
06
07
08
src/recursos/tiles/muroc.png
10
09 09 09 09 09 09 09 09 09 09 09 09 09 09 09 09 09 09 09 09 09 09 09 09 09
01 01 01 01 01 01 01 01 01 01 01 01 01 01 01 01 01 01 01 01 01 01 01 01 01
01 01 01 01 01 01 01 01 01 01 01 09 01 01 01 01 01 01 01 01 01 01 01 01 09
09 09 09 09 09 09 09 01 01 09 01 01 09 09 09 09 01 01 09 01 01 09 01 01 09
09 01 01 01 01 01 01 01 01 01 01 01 01 01 01 01 01 01 01 01 01 01 01 01 09
09 01 01 01 01 01 01 01 01 01 01 01 01 01 01 01 01 01 01 01 01 01 01 01 09
09 01 01 01 01 01 01 01 01 01 01 01 01 01 01 01 01 01 01 01 01 01 01 01 09
09 01 01 01 01 01 01 01 08 08 01 01 01 01 01 01 01 01 01 01 01 01 01 01 09
09 01 01 01 01 01 01 01 08 08 01 01 01 01 01 01 01 01 01 01 01 01 01 01 09
09 01 01 01 01 01 08 08 01 01 01 01 01 01 01 01 01 01 01 01 01 01 01 01 09
09 01 01 01 01 01 01 01 01 01 01 01 01 01 01 01 01 01 01 01 01 01 01 01 09
09 01 01 01 01 01 08 08 01 01 01 01 01 01 01 01 01 01 01 01 01 01 01 01 09
09 01 01 01 01 01 01 01 08 01 01 01 01 01 01 01 01 01 01 01 01 01 01 01 09
09 01 01 01 01 01 01 01 08 08 01 01 01 01 01 01 01 01 01 01 01 01 01 01 09
09 01 01 01 01 01 01 01 08 08 01 01 01 01 01 01 01 01 01 01 01 01 01 01 09
09 01 01 01 01 01 01 01 08 08 01 01 01 01 01 01 01 01 01 01 01 01 01 01 09
09 01 01 01 01 01 01 01 01 01 01 01 01 01 01 01 01 01 01 01 01 01 01 01 09
09 01 01 01 01 01 01 01 01 01 01 01 01 01 01 01 01 01 01 01 01 01 01 01 09
09 01 01 01 01 01 01 01 01 01 01 01 01 01 01 01 01 01 01 01 01 01 01 01 09
09 09 09 09 09 09 09 09 09 09 09 09 09 09 09 09 09 09 09 09 09 09 09 09 09
%
